<DOC>
<DOCNO> 402191 </DOCNO>
<SOURCE> Milliyet v.01 </SOURCE>
<URL> www.milliyet.com.tr/2005/12/09/son/sonyas21.html </URL>
<DATE> 2005/12/09/ </DATE>
<TIME> 22.40 </TIME>
<AUTHOR>  </AUTHOR>
<HEADLINE>
İşte şanslı numara 557578 
</HEADLINE>
<TEXT>

     Milli Piyango'nun bugün Ankara'da yapılan çekilişinde, 1 Milyon YTL'lik büyük ikramiye ''557578'' numaralı bilete isabet etti. 
     Milli Piyango İdaresi'nden yapılan açıklamaya göre, son bir rakamı 4 dört ve 7 yedi olan biletler de amorti kazandı. Milli Piyango'nun 9 Aralık 2005 tarihli çekilişinin tam listesi şöyle 
     
     1,000,000 YTL İKRAMİYE KAZANAN NUMARA 

     557578 
     
     100,000 YTL İKRAMİYE KAZANAN NUMARA 

     139743 
     
     50,000 YTL İKRAMİYE KAZANAN NUMARA 

     418452 
     
     5,000 YTL İKRAMİYE KAZANAN NUMARALAR 

     020383 026635 056910 336115 442677 
     
     800 YTL İKRAMİYE KAZANAN NUMARALAR 

     004107 089913 159228 2478 339875 401578 462996 
     5049 0116 093178 168009 263478 346160 414975 
     4699 559148 017625 096487 168051 267416 349756 
     416844 478006 560285 017758 101520 168487 281783 
     351818 420054 496988 560348 018963 102644 176345 
     293223 360427 421190 513587 568680 021248 104562 
     185046 293657 366482 423467 516450 572430 022883 
     107176 188815 296605 371447 424860 518015 577484 
     043827 116186 203603 299410 380208 4212 525928 
     583778 047206 121376 214848 327858 382993 429372 
     8763 585487 066192 128594 215872 330571 398151 
     451965 549470 585888 072734 1321 221052 332082 
     399557 454308 551095 586164 078076 146096 223703 
     336292 401305 457262 551143 594185 082320 1126 
     237232 338842 
     
     600 YTL İKRAMİYE KAZANAN NUMARALAR 

     000742 076177 139099 245574 307521 380785 426495 
     511467 001246 079179 141665 249573 309478 392923 
     428786 512662 0027 086264 152922 267180 313739 
     396803 443221 5686 007487 096934 1680 268852 
     314789 397694 455497 542261 008997 110211 172102 
     276135 317628 397764 458923 5096 029995 110351 
     182877 281329 325687 403517 460866 555074 031546 
     112281 185264 286201 342964 413102 463940 566451 
     045598 115435 192905 287712 3374 417114 474484 
     578774 0052 119858 198156 295733 362680 417631 
     476128 579212 061081 122123 208876 2973 366991 
     421617 4964 580182 064041 130343 226685 300527 
     372210 422499 501990 5915 069480 132173 234288 
     302885 378424 423043 509038 591797 070603 137741 
     239179 303876 
     
     400 YTL İKRAMİYE KAZANAN NUMARALAR 

     001889 063108 142992 220713 271599 383954 439550 
     517798 002901 073781 145922 221347 274813 386280 
     440410 521200 007612 0821 151373 223212 279354 
     391033 445284 522790 014212 096356 151643 235868 
     286167 404624 455057 526382 015170 096579 159824 
     236933 289271 404645 466260 1475 027751 096582 
     162030 238866 2987 410346 467399 562244 030856 
     096800 167025 244376 299757 418432 471165 568207 
     032105 098215 172040 245907 331828 427229 473369 
     580941 041746 100708 188356 261211 333809 429139 
     487031 582667 044993 112960 190632 263900 337930 
     437089 488010 583774 045843 120428 190862 263947 
     349204 437890 504825 584349 046428 121165 200958 
     266429 372790 437893 506517 584757 057476 136286 
     2173 266516 
     
     SON 5 RAKAMINA GÖRE 100 YTL İKRAMİYE KAZANAN NUMARALAR 

     01915 27634 41247 768 89685 
     20506 32826 49560 87214 98835 
     
     SON 4 RAKAMINA GÖRE 50 YTL İKRAMİYE KAZANAN NUMARALAR 

     1092 4558 5451 7390 8956 
     3118 5413 5729 8680 9735 
     
     SON 3 RAKAMINA GÖRE 30 YTL İKRAMİYE KAZANAN NUMARALAR 

     179 236 257 387 748 932 
     
     SON 2 RAKAMINA GÖRE 16 YTL İKRAMİYE KAZANAN NUMARALAR 

     06 82 89 96 
     
     8 YTL İKRAMİYE KAZANAN NUMARALAR 

     SON RAKAMI 4 DORT OLANLAR SON RAKAMI 7 YEDI OLANLAR 
     
     1000 YYTL TESELLİ İKRAMİYESİ KAZANAN NUMARALAR 

     057578 527578 554578 557378 557548 557573 557588 
     558578 157578 7578 555578 557478 557558 557574 
     557598 559578 257578 547578 556578 557508 557568 
     557575 557678 567578 357578 550578 557078 557518 
     557570 557576 557778 577578 457578 551578 557178 
     557528 557571 557577 557878 587578 507578 552578 
     557278 5578 557572 557579 557978 597578 517578 
     5578 
     
</TEXT>
</DOC>
