<DOC>
<DOCNO> 302452 </DOCNO>
<SOURCE> Milliyet v.01 </SOURCE>
<URL> www.milliyet.com.tr/2004/01/01/son/sontur14.html </URL>
<DATE> 2004/01/01/ </DATE>
<TIME>  </TIME>
<AUTHOR>  </AUTHOR>
<HEADLINE>
Milli Piyango yılbaşı özel çekilişi tam listesi... 
</HEADLINE>
<TEXT>

     10,000,000,000,000 TL ikramiye kazanan numaralar 5196322 5,000,000,000,000 TL ikramiye kazanan numaralar 7994603 1,000,000,000,000 TL ikramiye kazanan numaralar 1131007 2880429 5641368 6480557 8788311 500,000,000,000 TL ikramiye kazanan numaralar 0095396 0343223 0748369 5707730 6637554 100,000,000,000 TL ikramiye kazanan numaralar 0569463 0721064 2065276 2370054 3348294 3411366 4512843 6698550 7475483 7880878 50,000,000,000 TL ikramiye kazanan numaralar 0440416 0924532 1090551 1358495 1388321 1545616 1680521 1685135 1760363 1966235 2529022 2877569 3138049 3151428 3486817 3751737 3852850 3917811 4231684 5788208 5961577 5979204 6225261 6969382 7553739 8654025 8788236 8851787 9281668 9953393 20,000,000,000 TL ikramiye kazanan numaralar 0037062 0394752 0464601 0476268 0839005 1395846 1488038 2069910 2156276 2220543 2338513 2570748 2686700 2840681 2856114 3000209 3087091 3438970 3547012 3673654 3692973 3779324 3792916 3972654 4070078 4472107 4609009 4954010 5115042 5180982 5428401 5464012 5507759 5579037 5631545 5657552 5879682 6071973 6116452 6526719 6770295 7119110 7175965 8212642 8242729 8429628 8761421 8982794 9535312 9629118 15,000,000,000 TL ikramiye kazanan numaralar 0242902 0516744 0693651 0716744 0832808 0986288 1010601 1059178 1173880 1209581 1234733 1262305 1361066 1509353 1550109 1578014 1584225 1673271 1844448 1909078 1977693 1980175 2028631 2151803 2406766 2411365 2505442 2617367 2693740 3075079 3107720 3229345 3238423 3302874 3383819 3439120 3605214 3612488 3825799 3948003 4022224 4058719 4303718 4350752 4442985 4499672 4566675 4866921 4969612 4973667 5424192 5487273 5568254 5682081 5713010 5907712 5962984 5995652 6083501 6113304 6140328 6144615 6318231 6406018 6407953 6795675 6798885 6857095 7003763 7096560 7107036 7118969 7175481 7198534 7205294 7557538 7862738 7884599 7930173 8037895 8161271 8250399 8262198 8271327 8284631 8467254 8476011 8499617 8727874 8849342 9084260 9095463 9357322 9476710 9537767 9617906 9843183 9866045 9914384 9916856 10,000,000,000 TL ikramiye kazanan numaralar 0031498 0062295 0078523 0205280 0275542 0342940 0361809 0428735 0491259 0549777 0638418 0651224 0889499 1200748 1336360 1496049 1621276 1653935 1736392 1811718 2005905 2071343 2092224 2141081 2376013 2411197 2462894 2471420 2538721 2635490 2711188 2983673 3000641 3023314 3213039 3280467 3297707 3324344 3335675 3383142 3412276 3572070 3623933 3736051 4149067 4186129 4241968 4375756 4387792 4579175 4683722 4771149 4864433 4999002 5011602 5206506 5267913 5515193 5579007 5771382 5776754 5931408 6087242 6108266 6117859 6203434 6465198 6491692 6571774 6761915 6800447 6942184 6944396 7042757 7067262 7069756 7416672 7464145 7472048 7491826 7617624 7734466 7771224 7884105 7908388 7977385 8172286 8211124 8365952 8482236 8702838 8822463 8896121 9004241 9380511 9489047 9538618 9551476 9620518 9894443 5,000,000,000 TL ikramiye kazanan numaralar 0063056 0068440 0083874 0113111 0126386 0166662 0189686 0194223 0198362 0211307 0219729 0224619 0229449 0240192 0242456 0249830 0272673 0314545 0330201 0341601 0354649 0382822 0383275 0422694 0451217 0457731 0461368 0467308 0475969 0500254 0508677 0531204 0542360 0543301 0547261 0554166 0562738 0565318 0576499 0581802 0583599 0610822 0612370 0632329 0660965 0663365 0674266 0704729 0721447 0750184 0755846 0771342 0785686 0798462 0903019 0907064 0912227 0951960 0999261 1002341 1021738 1025109 1071619 1105825 1108972 1121546 1150946 1153793 1176103 1195373 1201343 1215915 1264749 1276736 1297680 1310439 1318833 1322068 1327595 1347754 1363361 1391394 1392329 1456273 1480404 1525379 1529017 1561010 1570322 1571901 1586121 1644304 1680573 1709903 1718598 1756906 1759567 1765920 1843018 1855143 1913718 1926558 1941397 1999420 2002380 2013871 2027600 2030565 2045043 2093449 2131428 2149874 2154249 2160956 2163751 2172001 2186706 2191966 2210725 2210968 2231276 2239675 2246138 2254961 2291046 2423562 2430040 2486742 2534429 2581023 2586525 2657139 2662873 2665468 2685719 2695885 2699272 2706550 2718069 2734374 2743251 2754332 2819666 2825286 2832250 2841431 2847881 2849825 2853265 2882077 2899431 2902762 2918258 2976536 2984389 2994315 3017794 3018334 3104328 3112781 3114492 3134787 3171144 3205042 3227802 3233673 3261620 3270083 3278056 3297181 3300676 3317723 3329039 3403624 3415131 3481341 3540289 3541394 3542418 3542734 3550416 3576563 3578552 3597614 3634606 3648546 3652789 3655983 3661141 3668734 3674821 3676628 3691608 3708862 3725244 3749591 3758345 3781300 3800350 3855823 3897276 3937756 3938501 3941397 3964530 3967908 3983190 3985655 4017026 4049168 4071794 4121541 4161122 4171471 4179015 4180314 4180519 4185328 4198221 4213053 4218810 4237655 4276889 4291737 4297279 4306827 4312324 4329420 4351385 4359045 4395149 4403195 4420273 4430165 4451019 4454969 4457709 4462901 4488768 4543510 4581003 4586680 4650648 4706348 4714872 4715251 4780305 4787627 4796973 4812518 4848547 4863704 4894164 4954350 4956108 4975607 5009742 5086570 5086910 5091597 5124471 5130591 5133421 5146200 5149878 5153822 5166182 5201169 5218926 5228400 5261701 5310154 5344504 5359892 5362040 5369022 5386789 5402977 5406586 5428540 5433215 5454755 5483899 5496607 5502403 5507210 5519170 5527568 5529399 5535984 5544416 5547056 5595410 5601835 5618027 5644163 5718203 5725100 5737544 5738700 5748517 5766612 5779503 5852181 5876644 5925652 5959585 5970392 5972805 5980716 6029232 6090617 6105077 6108642 6108790 6111046 6133301 6196112 6209669 6245117 6269711 6283916 6285584 6287377 6318281 6341593 6347965 6358932 6361130 6393304 6463836 6463927 6465338 6475531 6496746 6530556 6531450 6533160 6537821 6545438 6550750 6556074 6559068 6573241 6605959 6627126 6671756 6699645 6765539 6775667 6802545 6809366 6814404 6832407 6847429 6849557 6866007 6870620 6875270 6916153 6945034 6976495 6995629 7012708 7043684 7062001 7079895 7086121 7109706 7116823 7216621 7218647 7246152 7298854 7314664 7337871 7400249 7410533 7431912 7489305 7514106 7532208 7585513 7597958 7601110 7604121 7618518 7622449 7627224 7642307 7648042 7655853 7670308 7674096 7676661 7702704 7731390 7743298 7766489 7774596 7859694 7884094 7938395 7972827 7993893 7999687 8020141 8038742 8055350 8059507 8089911 8101732 8113462 8114453 8115256 8136707 8166681 8172250 8191229 8191436 8206385 8257928 8270979 8277462 8313879 8323152 8329028 8376113 8392463 8394029 8401701 8401771 8407233 8414925 8432911 8459147 8459172 8506583 8612130 8617311 8670713 8694166 8703926 8731424 8736276 8796990 8809357 8824012 8856982 8877789 8923664 8926186 8961141 8961861 8981179 8982329 9019227 9088681 9112135 9116584 9117954 9127882 9145485 9160564 9171210 9211504 9230212 9272966 9277006 9324427 9329512 9372221 9379264 9384960 9411613 9448348 9537480 9566685 9581056 9594910 9630105 9642668 9661320 9668011 9679306 9685353 9685537 9710922 9712995 9737700 9770454 9777940 9825762 9829590 9861804 9866475 9920457 9942436 9953439 9976224 500,000,000 TL ikramiye kazanan numaralar 002567 008006 010517 013612 019028 022354 033288 045725 059663 074337 082232 082256 093568 109301 130555 133378 152905 160246 164247 165829 176301 202082 212717 231294 232689 237361 241346 248546 258917 271783 277701 278565 284812 304140 311017 315282 317453 322260 352030 360224 362327 371882 381580 392555 401172 402425 464166 468471 484230 511936 530630 531221 534716 539567 544713 557863 576314 576955 579165 582145 605369 611188 612163 660491 665575 677135 682090 687499 692213 699883 702106 702255 712622 732852 748475 754957 756830 773997 782223 813746 823303 824550 828490 864475 868313 890666 912134 915335 918163 924187 924254 925172 936645 942703 958109 963452 968929 971207 993596 996785 Son 5 rakamına göre 300,000,000 TL ikramiye kazanan numaralar 02008 02028 02282 03854 04335 05473 06542 09482 09853 10772 11091 15677 17546 17666 20440 24192 25289 26445 29022 30135 31732 34026 37136 38727 41227 43724 46189 46747 47674 49344 49768 58238 65534 65940 72532 73603 76843 80805 82187 83131 84022 85777 87089 89316 90902 91270 92325 94558 94679 99518 Son 4 rakamına göre 100,000,000 TL ikramiye kazanan numaralar 0318 1028 1854 1882 1967 2452 2459 2536 2736 2740 3396 3736 3775 4560 4906 5005 5232 5543 7421 7724 7783 8022 8180 8185 8433 8682 8886 9314 9526 9775 Son 3 rakamına göre 60,000,000 TL ikramiye kazanan numaralar 041 112 126 245 258 492 604 784 894 919 Son 2 rakamına göre 40,000,000 TL ikramiye kazanan numaralar 01 03 58 66 87 Son 1 rakamına göre 16,000,000 TL ikramiye kazanan numaralar 0 7 10,000,000,000 TL Teselli ikramiyesi kazanan numaralar 0196322 1196322 2196322 3196322 4196322 5096322 5106322 5116322 5126322 5136322 5146322 5156322 5166322 5176322 5186322 5190322 5191322 5192322 5193322 5194322 5195322 5196022 5196122 5196222 5196302 5196312 5196320 5196321 5196323 5196324 5196325 5196326 5196327 5196328 5196329 5196332 5196342 5196352 5196362 5196372 5196382 5196392 5196422 5196522 5196622 5196722 5196822 5196922 5197322 5198322 5199322 5296322 5396322 5496322 5596322 5696322 5796322 5896322 5996322 6196322 7196322 8196322 9196322 
     
</TEXT>
</DOC>
