<DOC>
<DOCNO> 322316 </DOCNO>
<SOURCE> Milliyet v.01 </SOURCE>
<URL> www.milliyet.com.tr/2005/03/09/son/sontur57.html </URL>
<DATE> 2005/03/09/ </DATE>
<TIME> 20.16 </TIME>
<AUTHOR>  </AUTHOR>
<HEADLINE>
Milli Piyango çekildi 
</HEADLINE>
<TEXT>

     Milli Piyango'nun bugünkü çekilişinde 600 bin YTL tutarındaki büyük ikramiye ''157776'' numaralı bilete isabet etti. 
     Çekilişte ikramiye kazanan diğer numaralar şöyle oldu 
     
     600,000 YENİ TÜRK LİRASI İKRAMİYE KAZANAN NUMARA 
     157776 
     
     200,000 YENİ TÜRK LİRASI İKRAMİYE KAZANAN NUMARA 
     256515 
     
     100,000 YENİ TÜRK LİRASI İKRAMİYE KAZANAN NUMARA 
     296992 
     
     10,000 YENİ TÜRK LİRASI İKRAMİYE KAZANAN NUMARALAR 
     156403 300624 4266 480041 542761 270049 415999 
     474352 9579 549210 
     
     5,000 YENİ TÜRK LİRASI İKRAMİYE KAZANAN NUMARALAR 
     016635 065126 131543 216320 270373 400769 543147 
     064040 080036 159490 241472 360721 478810 566158 
     065102 124244 192105 247751 381458 526369 
     
     800 YENİ TÜRK LİRASI İKRAMİYE KAZANAN NUMARALAR 
     003635 0549 132414 185812 278688 375051 431990 516350 
     004554 063816 134024 190989 298921 377037 442374 524543 
     010559 0848 136288 211922 306558 379452 447239 548564 
     017795 088852 144450 213379 308971 381800 449635 5596 
     017902 096110 145795 220038 315094 382395 456526 559842 
     021401 097486 150526 220713 316452 390132 459425 569628 
     0213 107649 157151 258364 318206 405720 469126 572145 
     038475 113499 161818 258613 325829 409150 470306 572754 
     042115 113799 162497 264925 327933 410000 492710 582665 
     046881 114938 164484 272329 340952 423019 505824 584688 
     047729 115421 181324 275598 3682 424358 511350 585455 
     0378 127601 183489 276666 3689 427314 514057 591768 
     055210 128771 184117 276802 
     
     600 YENİ TÜRK LİRASI İKRAMİYE KAZANAN NUMARALAR 
     008982 102006 150377 219240 332338 389642 458897 522544 
     021258 116032 1000 220789 332350 400596 470920 527254 
     029420 118822 159305 225867 334281 400745 471103 9343 
     031207 123163 159856 230557 340824 405106 475727 9752 
     042416 125201 162556 234186 359766 405900 481552 565734 
     0956 126961 183784 244412 366046 412548 491102 578076 
     057181 126964 191023 251928 366936 416741 496635 583112 
     062347 130665 192042 256917 368847 4353 508781 588505 
     079701 132758 194274 290467 375780 442081 509225 590104 
     083738 143932 2024 291816 378471 443208 513795 591397 
     086827 144562 205230 292337 381462 452259 518254 598605 
     088151 145855 209759 299103 382648 4081 520812 598739 
     098035 149542 217325 325177 
     
     400 YENİ TÜRK LİRASI İKRAMİYE KAZANAN NUMARALAR 
     004954 077496 151857 226864 291205 365846 429556 511230 
     009275 097197 156615 228307 294726 366632 434576 513712 
     011188 107832 159601 231529 300399 367239 4352 515743 
     0120 110828 160106 2325 316183 377778 450256 516843 
     016782 111390 162022 232763 316251 390306 451136 529102 
     019355 123679 175926 241645 321088 394344 465667 550363 
     020132 126087 183644 245455 324595 406038 481146 557378 
     030132 129203 1814 255260 333813 413976 481970 566811 
     039009 1361 198568 263188 341952 414068 483194 575297 
     051046 137879 201824 2684 356377 414764 483239 576001 
     060827 146346 202727 267600 360752 424134 501274 589331 
     068211 146761 218520 275940 362073 426254 5012 594294 
     074915 147648 223929 290588 
     
     SON 3 RAKAMINA GÖRE 30 YENİ LİRA İKRAMİYE KAZANAN NUMARALAR 
     047 
     297 
     359 
     672 
     695 
     825 
     913 
     932 
     952 
     982 
     
     SON 2 RAKAMINA GÖRE 16 YENİ LİRA İKRAMİYE KAZANAN NUMARALAR 
     19 
     58 
     72 
     74 
     
     8 YENİ TÜRK LİRASI İKRAMİYE KAZANAN NUMARALAR 
     SON RAKAMI 1 BİR OLANLAR SON RAKAMI 8 SEKİZ OLANLAR 
     
     600 YENİ TÜRK LİRASI TESELLİ İKRAMİYESİ KAZANAN NUMARALAR 
     057776 151776 157176 157706 157766 157775 157876 187776 
     107776 152776 157276 157716 157770 157777 157976 197776 
     117776 1776 157376 157726 157771 157778 158776 257776 
     127776 154776 157476 157736 157772 157779 159776 357776 
     137776 155776 157576 157746 157773 157786 167776 457776 
     147776 156776 157676 157756 157774 157796 177776 557776 
     150776 157076 
     
</TEXT>
</DOC>
