<DOC>
<DOCNO> 216284 </DOCNO>
<SOURCE> Milliyet v.01 </SOURCE>
<URL> www.milliyet.com.tr/2004/02/19/son/soneko58.html </URL>
<DATE> 2004/02/19/ </DATE>
<TIME>  </TIME>
<AUTHOR>  </AUTHOR>
<HEADLINE>
Milli piyango çekildi... 
</HEADLINE>
<TEXT>

     Milli Piyango'nun bugünkü çekilişinde, 1 trilyon liralık büyük ikramiye, ''529307'' numaralı bilete çıktı. 
     Çekilişte amorti rakamları ise dört 4 ve altı 6 olarak belirlendi. 
     Milli Piyango'nun 19 Şubat çekilişinde ikramiye kazanan numaralar şöyle 
     1 TRİLYON LİRA İKRAMİYE KAZANAN NUMARA 
     -------------------------------------- 529307 
     50,000,000,000 LİRA İKRAMİYE KAZANAN NUMARA 
     ------------------------------------------- 570068 
     10,000,000,000 LİRA İKRAMİYE KAZANAN NUMARA 
     ------------------------------------------- 675928 
     5,000,000,000 LİRA İKRAMİYE KAZANAN NUMARALAR 
     --------------------------------------------- 059757 083384 
     1,000,000,000 LİRA İKRAMIYE KAZANAN NUMARALAR 
     ---------------------------------------------- 041041 490206 5655 591446 684731 
     600,000,000 LİRA İKRAMİYE KAZANAN NUMARALAR 
     --------------------------------------------- 001444 045410 164574 220140 327466 407573 512297 599872 
     005480 064324 167182 236792 3834 424822 519100 630789 
     005949 086134 167516 252959 357485 430652 3132 632673 
     006406 093837 174173 254170 364905 434264 6055 637433 
     007221 098499 174835 256134 367472 436979 564794 639994 
     012979 103948 187392 262828 376175 455901 565459 641899 
     016892 109144 189062 271789 387997 456912 565762 642794 
     022450 109720 201321 273620 3912 457136 568014 675441 
     024354 121922 205724 292512 398769 474479 569845 677116 
     0241 122036 209114 293024 399007 474675 584588 682841 
     027003 141010 213668 302689 399236 476069 587094 694368 
     032351 147925 215884 310113 406958 488481 591297 696008 
     032445 154385 219365 310772 ------ ------ ------ ------ 
     500,000,000 LİRA İKRAMİYE KAZANAN NUMARALAR 
     ------------------------------------------- 012929 127238 204764 281002 409425 477231 1070 641683 
     020759 128857 205425 286074 413851 484017 1406 644493 
     021849 148764 205954 296110 430055 491157 2158 650137 
     036356 150773 212313 319402 434768 494808 6920 651684 
     036768 151255 216197 321120 442923 504598 541712 673146 
     060718 166848 224592 333256 443841 507274 559092 673295 
     070246 171056 230741 333973 445977 507293 573219 675111 
     094093 173947 234180 342614 447757 507328 591189 676244 
     095508 176399 238780 362141 450094 507741 594770 678800 
     101843 1829 255689 367211 464828 523394 614661 685620 
     105118 183845 262839 3746 465166 526325 6131 687129 
     105415 183925 264017 386603 469447 527055 639313 693111 
     109960 185083 276268 393896 ------ ------ ------ ------ 
     400,000,000 LİRA İKRAMİYE KAZANAN NUMARALAR 
     -------------------------------------------- 006152 109982 213143 300748 375686 460607 544220 637450 
     006752 112665 225896 308700 379712 463822 549528 637576 
     007799 120234 238045 322382 380750 470285 562878 6408 
     009951 140387 252756 322822 389892 474037 565859 647499 
     022193 154631 256004 329915 402069 475200 568054 658326 
     024761 165209 261066 334523 407921 480039 570982 659158 
     026645 171609 266094 3381 421209 481040 588648 660508 
     044579 174072 272069 340602 422737 482875 601904 669307 
     051367 179988 272381 3198 433235 486805 603194 687916 
     051875 190971 274185 372559 435074 490268 608700 690279 
     067628 195166 280347 372814 457793 499447 614424 692825 
     071766 199338 283286 373689 459440 8881 632272 694874 
     076378 204984 294327 374965 ------ ------ ------ ------ 
     SON 3 RAKAMINA GÖRE 20,000,000 LİRA İKRAMİYE KAZANAN NUMARALAR -------------------------------------------------------------- 038 
     114 
     272 
     346 
     464 
     575 
     SON 2 RAKAMINA GÖRE 12,000,000 LİRA İKRAMİYE KAZANAN NUMARALAR -------------------------------------------------------------- 03 
     09 
     48 
     63 
     6,000,000 LİRA İKRAMİYE KAZANAN NUMARALAR 
     ------------------------------------------ SON RAKAMI 4 DÖRT OLANLAR SON RAKAMI 6 ALTI OLANLAR 1,000,000,000 LİRA TESELLİ İKRAMİYESİ KAZANAN NUMARALAR 
     -------------------------------------------------------- 029307 520307 527307 529302 529309 529367 529607 559307 
     129307 521307 528307 529303 529317 529377 529707 569307 
     229307 522307 529007 529304 529327 529387 529807 579307 
     329307 523307 529107 529305 529337 529397 529907 589307 
     429307 524307 529207 529306 529347 529407 9307 599307 
     509307 5207 529300 529308 529357 529507 549307 629307 
     519307 526307 529301 ------ ------ ------ ------ ------ 
     ZNP-LEY-MTN 21 00 19 02 04 
     
</TEXT>
</DOC>
