<DOC>
<DOCNO> 229942 </DOCNO>
<SOURCE> Milliyet v.01 </SOURCE>
<URL> www.milliyet.com.tr/2004/04/09/son/soneko49.html </URL>
<DATE> 2004/04/09/ </DATE>
<TIME> 21.20 </TIME>
<AUTHOR>  </AUTHOR>
<HEADLINE>
Milli Piyango çelikdi "178691" numaralı bilete 1 Trilyon ikramiye çıktı 
</HEADLINE>
<TEXT>

     Milli Piyango'nun bugünkü çekilişinde, 1 trilyon liralık büyük ikramiye ''178691'' numaralı bilete çıktı. 
     Çekilişte amorti rakamları ise bir 1 ile beş 5 olarak belirlendi. 
     Milli Piyango'nun 9 Nisan çekilişinde ikramiye kazanan numaralar şöyle 
     1 TRİLYON LİRA İKRAMİYE KAZANAN NUMARA 
     --------------------------------------- 178691 
     50 MİLYAR LİRA İKRAMİYE KAZANAN NUMARA 
     --------------------------------------- 675695 
     10 MİLYAR LİRA İKRAMİYE KAZANAN NUMARA 
     --------------------------------------- 119048 
     5 MİLYAR LİRA İKRAMİYE KAZANAN NUMARALAR 
     ----------------------------------------- 110666 635018 
     1 MİLYAR LİRA İKRAMİYE KAZANAN NUMARALAR 
     ----------------------------------------- 174223 191143 376155 511951 589410 
     600 MİLYON LİRA İKRAMİYE KAZANAN NUMARALAR 
     ------------------------------------------- 005555 088675 219108 310289 401226 473243 2055 637750 
     007807 095189 226109 318494 402913 474260 5421 639126 
     012069 114835 246860 318746 411913 480328 560849 641925 
     021446 124962 259319 357348 424089 483622 567590 650830 
     023251 143806 261235 358142 4225 488042 571407 652365 
     031808 159524 265697 360114 431707 490333 579469 663658 
     037723 163744 273386 362351 445154 492807 582705 668808 
     066905 193668 283236 369239 446404 496815 591188 671569 
     070771 199572 284198 370526 461371 511090 616415 679421 
     076240 201066 288654 382121 463982 511791 621573 685967 
     084131 214092 294741 384813 466420 5142 625588 686806 
     0854 214678 295625 389018 471546 515405 634212 696459 
     086478 215989 310171 393931 ------ ------ ------ ------ 
     500 MİLYON LİRA İKRAMİYE KAZANAN NUMARALAR 
     ------------------------------------------- 012521 138577 210624 287106 370610 461925 7138 628837 
     018067 142292 213637 297137 388911 480580 540009 640277 
     031641 143726 217751 298087 398454 483295 543155 643550 
     047818 156205 236911 298358 414033 484481 567775 654078 
     061087 159443 241611 308287 419708 489322 568051 661638 
     064190 174922 259558 324635 431429 497017 572113 663810 
     066352 178217 262701 337064 443851 510384 576130 666508 
     085131 181891 270094 337199 452214 514465 590245 668467 
     092872 183025 281045 344050 4448 519957 590384 675790 
     101827 188622 282248 349394 454726 527673 601413 692409 
     108982 191072 282803 355803 459442 1119 606910 692498 
     111303 2001 284732 359039 459568 6235 609924 694724 
     114306 210592 286949 360584 ------ ------ ------ ------ 
     400 MİLYON LİRA İKRAMİYE KAZANAN NUMARALAR 
     ------------------------------------------- 004385 080412 211579 259095 374785 4142 528700 604272 
     012211 099109 212767 262730 375503 439306 5051 610879 
     014811 107972 218650 266229 377784 452193 7405 617579 
     0179 112815 224228 283966 379109 459744 551108 623082 
     022967 117820 229573 284175 380721 460997 555041 625071 
     026843 134002 234002 301804 386679 464151 556061 626273 
     034428 140850 239254 308793 398190 481661 561883 630463 
     040420 150098 241246 332221 402688 497156 566420 638548 
     041521 157874 249090 341351 410448 497394 589948 652632 
     043146 160381 251710 3451 411636 501575 592357 659237 
     049861 170065 2407 348120 412418 502766 601768 671643 
     051856 178722 257118 360561 413591 525274 602504 691905 
     0654 187325 257799 371713 ------ ------ ------ ------ 
     SON 3 RAKAMINA GÖRE 20 MİLYON LİRA İKR. KAZANAN NUMARALAR 
     ---------------------------------------------------------- 182 
     254 
     484 
     627 
     636 
     897 
     SON 2 RAKAMINA GÖRE 12 MİLYON LİRA İKR. KAZANAN NUMARALAR 
     ---------------------------------------------------------- 24 
     44 
     68 
     79 
     6 MİLYON LİRA İKRAMİYE KAZANAN NUMARALAR 
     ----------------------------------------- SON RAKAMI 1 BİR OLANLAR SON RAKAMI 5 BEŞ OLANLAR 1 TRİLYON LİRA TESELLİ İKRAMİYESİ KAZANAN NUMARALAR 
     ---------------------------------------------------- 078691 168691 176691 178591 178651 178693 178699 198691 
     108691 170691 177691 178601 178661 178694 178791 278691 
     118691 171691 178091 178611 178671 178695 178891 378691 
     128691 172691 178191 178621 178681 178696 178991 478691 
     138691 173691 178291 178631 178690 178697 179691 578691 
     148691 174691 178391 178641 178692 178698 188691 678691 
     158691 175691 178491 ------ ------ ------ ------ ------ 
     
</TEXT>
</DOC>
