<DOC>
<DOCNO> 236296 </DOCNO>
<SOURCE> Milliyet v.01 </SOURCE>
<URL> www.milliyet.com.tr/2004/04/30/son/sontur40.html </URL>
<DATE> 2004/04/30/ </DATE>
<TIME> 20.34 </TIME>
<AUTHOR>  </AUTHOR>
<HEADLINE>
Milli Piyango çekildi.''356197'' numaralı bilete 1 trilyon ikramiye çıktı 
</HEADLINE>
<TEXT>

     Milli Piyango'nun bugünkü çekilişinde, 1 trilyon liralık büyük ikramiye, ''356197'' numaralı bilete çıktı. 
     Çekilişte amorti rakamları ise dört 4 ile sekiz 8 olarak belirlendi. 
     Milli Piyango'nun 30 Nisan çekilişinde ikramiye kazanan numaralar şöyle 
     Birinci Süper Futbol Ligi'nde Adanaspor, Beşiktaş'ı 1-0 yendi. 
     

1,000,000,000,000 Lira İkramiye Kazanan Numara 356197      

50,000,000,000 Lira İkramiye Kazanan Numara 254158      

10,000,000,000 Lira İkramiye Kazanan Numara 471758      

5,000,000,000 Lira İkramiye Kazanan Numaralar 076446 561913      

1,000,000,000 Lira İkramiye Kazanan Numaralar 398945 452866 589532 660371 680651      

600,000,000 Lira İkramiye Kazanan Numaralar 001345 085895 167383 241001 326777 398362 471185 597870 002140 091076 175286 259125 332722 408407 507904 608142 004598 094495 182249 265525 336411 426459 514027 610931 011372 095008 190677 272443 339336 427219 516005 620003 018675 103135 191399 278430 345365 433857 523746 647984 020161 106767 203938 280981 345431 434233 530354 654948 025793 114146 204129 286745 347510 443668 537658 656452 052826 116631 210453 287461 351620 446841 538989 661559 054398 120518 215034 296481 369566 448106 548921 670142 057793 132256 216729 299501 372503 450463 564923 670328 065009 155426 218852 307868 382837 464196 575911 684618 078263 164171 226097 313813 386749 468420 582072 690442 082204 166650 229615 317895      

500,000,000 Lira İkramiye Kazanan Numaralar 002605 071054 177453 285801 402616 465785 537231 624058 007713 072642 191763 287577 409133 508243 541164 626659 012254 074056 200682 297133 412371 509306 541698 628357 026988 086060 211524 298115 412773 514345 547419 633180 031910 094782 221924 299584 418394 519429 568567 649042 032164 105749 239270 300216 427213 520056 568953 649593 037487 115077 243069 306626 440311 522503 579421 660238 046951 126764 246354 332758 449560 524792 599413 663495 058330 128496 253853 346775 453847 524982 604787 685419 058363 138330 257870 350782 456188 527110 606356 693113 058855 151369 269944 387744 459742 528009 610447 697305 061056 154996 270494 392625 461423 534975 620395 698106 070856 160029 275168 400632      

400,000,000 Lira İkramiye Kazanan Numaralar 000938 064759 166657 251831 329063 407565 535757 625228 009716 066082 184435 253797 330427 416237 549067 630509 009969 079122 184514 257734 332958 436218 549467 657206 017398 097999 190650 264838 354744 439337 551431 671550 022529 128352 191145 271249 355693 439678 561610 673281 042402 128753 203276 271836 358353 470030 563270 673834 042547 130161 206048 274040 366588 473347 567509 674792 045233 130945 214750 274304 376514 490954 568958 687132 049760 144506 223614 291342 386011 507253 582964 687794 050228 145986 231761 305459 388729 513345 588873 694199 050712 156519 238925 308964 396357 519534 603668 698055 052696 157534 238932 322354 404548 526644 607095 699366 057111 162282 241091 328544      

Son 3 Rakamına Göre 20,000,000 Lira İkramiye Kazanan Numaralar 487 717 828 856 892 979      

Son 2 Rakamına Göre 12,000,000 Lira İkramiye Kazanan Numaralar 33 43 52 85      

6,000,000 Lira İkramiye Kazanan Numaralar 4 8      

1,000,000,000 Lira İkramiye Kazanan Numaralar 056197 346197 356097 356167 356193 356297 356897 376197 156197 350197 356107 356177 356194 356397 356997 386197 256197 351197 356117 356187 356195 356497 357197 396197 306197 352197 356127 356190 356196 356597 358197 456197 316197 353197 356137 356191 356198 356697 359197 556197 326197 354197 356147 356192 356199 356797 366197 656197 336197 355197 356157      
</TEXT>
</DOC>
