<DOC>
<DOCNO> 246645 </DOCNO>
<SOURCE> Milliyet v.01 </SOURCE>
<URL> www.milliyet.com.tr/2004/06/09/son/sontur49.html </URL>
<DATE> 2004/06/09/ </DATE>
<TIME> 20.25 </TIME>
<AUTHOR>  </AUTHOR>
<HEADLINE>
Milli Piyango çekilişi... 1 Trilyon ''347078'' numaralı bilete çıktı 
</HEADLINE>
<TEXT>

     Milli Piyango'nun bugünkü çekilişinde, 1 trilyon liralık büyük ikramiye ''347078'' numaralı bilete çıktı. 
     Çekilişte amorti rakamları ise iki 2 ile dokuz 9 olarak belirlendi. 
     Milli Piyango'nun 9 Haziran çekilişinde ikramiye kazanan numaralar şöyle 
     

1,000,000,000,000 LİRA İKRAMİYE KAZANAN NUMARA 347078      

50,000,000,000 LİRA İKRAMİYE KAZANAN NUMARA 113407      

10,000,000,000 LİRA İKRAMİYE KAZANAN NUMARA 271345      

5,000,000,000 LİRA İKRAMİYE KAZANAN NUMARALAR 235958 590317      

1,000,000,000 LİRA İKRAMİYE KAZANAN NUMARALAR 249016 318484 461876 493281 592125      

600,000,000 LİRA İKRAMİYE KAZANAN NUMARALAR 013133 116147 159314 254294 368170 485080 545085 603217 032140 116573 166090 257162 378400 497502 551106 605732 063528 118674 174423 275608 423373 500023 554043 609199 076991 119022 179139 290685 423541 504762 559376 621996 080170 122548 179612 292231 435424 505954 566593 622932 086530 124329 180921 298050 438591 507004 569516 630846 086598 133397 183143 299342 451895 527641 572624 632755 087112 142736 189231 306319 452471 529734 574506 655791 094287 142783 191216 315819 457761 530603 576244 658953 101303 143039 195304 331646 467432 534654 577408 663256 103606 148992 217289 351149 474789 536271 594613 669854 104018 150800 230847 351361 478877 538340 597836 698534 112437 154993 238439 362496      

500,000,000 LİRA İKRAMİYE KAZANAN NUMARALAR 010515 094703 164780 230464 381106 474990 557078 629382 013711 118183 169848 240987 383504 484346 557609 645339 027055 124808 184488 245495 393168 487716 558544 648830 041336 130200 184886 245648 401881 490820 567929 649253 051532 141047 192502 267489 406613 498999 574672 659045 056524 141170 197547 268125 414110 503091 577409 659510 066356 150038 199757 269121 422610 506039 593333 660377 068428 152169 209463 292077 431825 508435 613974 671670 083483 155454 211642 339548 454739 536597 617649 673516 084219 158109 212869 340974 454741 539772 618703 677394 089395 160072 220273 357459 468498 544593 623966 688946 092054 161653 222828 359684 474943 556078 625051 696742 092236 164595 223305 368359      

400,000,000 LİRA İKRAMİYE KAZANAN NUMARALAR 005071 082429 166231 271902 397533 460304 552784 623996 013621 085160 167387 277999 406430 471034 554342 627257 016474 086836 195739 281192 409869 472245 564043 629994 018142 096249 198486 291600 411564 476655 574419 634576 020248 102415 201142 296457 418421 479337 575333 641187 020928 107066 220315 300295 432021 486065 577423 644786 025317 120180 230576 318802 432720 508466 583404 647932 031140 133858 239613 319230 433723 525280 600409 652341 037662 142690 242163 330656 438026 525473 602828 664337 041196 143598 244879 338266 438829 525482 603020 666541 042299 144014 256995 343360 450689 526798 614699 687098 061278 144643 260252 353678 458064 530072 618787 697029 075526 160987 263342 355045      

SON 3 RAKAMINA GÖRE 20,000,000 LİRA İKRAMİYE KAZANAN NUMARALAR 000 357 652 710 729 748      

SON 2 RAKAMINA GÖRE 12,000,000 LİRA İKRAMİYE KAZANAN NUMARALAR 15 33 40 81      

SON RAKAMA GÖRE 6,000,000 LİRA İKRAMİYE KAZANAN NUMARALAR 2 İKİ 9 DOKUZ      

1,000,000,000 LİRA TESELLİ İKRAMİYESİ KAZANAN NUMARALAR 047078 340078 347008 347070 347076 347278 347878 377078 147078 341078 347018 347071 347077 347378 347978 387078 247078 342078 347028 347072 347079 347478 348078 397078 307078 343078 347038 347073 347088 347578 349078 447078 317078 344078 347048 347074 347098 347678 357078 547078 327078 345078 347058 347075 347178 347778 367078 647078 337078 346078 347068      
</TEXT>
</DOC>
