<DOC>
<DOCNO> 390752 </DOCNO>
<SOURCE> Milliyet v.01 </SOURCE>
<URL> www.milliyet.com.tr/2005/10/29/son/sonyas08.html </URL>
<DATE> 2005/10/29/ </DATE>
<TIME> 23.00 </TIME>
<AUTHOR>  </AUTHOR>
<HEADLINE>
İşte şanslı numaralar 175983 
</HEADLINE>
<TEXT>

     Milli Piyango İdaresi'nin düzenlediği Cumhuriyet Bayramı özel çekilişi yapıldı. 
     1 milyon 500 YTL'lik büyük ikramiye ''175983'' numaralı bilete isabet etti. Son rakamları iki 2 ve yedi 7 olan biletler de amorti kazandı. 
     Milli Piyango İdaresi'nin Ankara'daki Cumhuriyet Bayramı çekilişinde, ikramiye isabet eden bilet numaraları ile ikramiye tutarları şöyle 
     
     1.500.000 YTL İKRAMİYE KAZANAN NUMARA 

     175983 
     
     100.000 YTL İKRAMİYE KAZANAN NUMARA 

     293182 
     
     50.000 YTL İKRAMİYE KAZANAN NUMARA 

     161877 
     
     5.000 YTL İKRAMİYE KAZANAN NUMARALAR 

     088199 154264 267595 341283 485252 101502 220813 316444 354651 543071 
     
     1.000 YTL İKRAMİYE KAZANAN NUMARALAR 

     004465 078024 151106 228068 268187 333776 403763 502221 
     012737 081034 156496 234109 269788 336092 408087 503815 
     013478 089447 161529 235007 272370 346404 426392 504068 
     0141 091067 164651 241085 273183 348808 436641 511772 
     016297 091552 168663 241287 286848 354711 442619 528746 
     016874 092948 171912 2463 293069 362154 444896 029295 
     097377 172792 246399 306065 369828 454866 029488 101824 
     174652 2257 312565 372773 475105 545645 
     030700 104151 186457 254123 313766 383152 482392 562345 
     045018 108430 189506 256894 316758 387433 489303 567325 
     046872 120112 210644 261467 321447 390279 499235 578869 
     059434 130126 217306 261646 321542 399122 500272 595839 
     077233 134249 223833 261925 
     
     800 YTL İKRAMİYE KAZANAN NUMARALAR 

     0052 075968 201464 262425 330343 399123 465592 528721 
     007682 077338 209476 273433 330863 405670 468826 7272 
     010346 077566 209560 284289 332627 406688 469491 562247 
     034415 100563 217214 294060 332684 407294 470277 562915 
     035677 104718 218509 294807 346866 4263 473405 563865 
     039945 113319 222198 296644 349205 432772 477670 568671 
     046847 130556 227268 298992 352861 436081 486789 569188 
     048282 152462 230957 307517 361441 444832 495990 572271 
     054517 167522 232128 313262 375093 451218 503839 576369 
     057549 181952 241473 317670 380262 452370 508976 580332 
     057713 183245 248968 317767 387163 461655 513379 587949 
     060009 188710 249410 319473 393068 463512 515671 591980 
     064601 193190 250375 324090 
     
     600 YTL İKRAMİYE KAZANAN NUMARALAR 

     003755 068227 109626 2169 277112 393528 461154 528475 
     004230 069218 112660 228506 294859 395231 464963 541267 
     005781 072575 130734 235997 297324 397335 468309 549111 
     008610 075687 140251 238450 306673 402035 471469 554626 
     010581 079808 148814 238560 311243 402292 484685 557875 
     011601 084000 149004 2016 312471 403385 486988 558324 
     016389 089185 1460 255668 317428 409488 501484 562782 
     022132 091743 163424 260432 335469 413191 504090 564521 
     028923 0927 172791 262991 344670 436493 5003 576313 
     041740 098718 174487 263451 377209 444429 509580 578518 
     042462 100029 183212 267808 379028 445162 521200 581809 
     052285 101148 194211 272239 390596 458160 528226 594864 
     060736 108875 210485 277079 
     
     SON 5 RAKAMINA GÖRE 200 YTL İKRAMİYE KAZANAN NUMARALAR 

     03916 10444 40628 68645 78114 
     05844 37107 57840 77274 87756 
     
     SON 4 RAKAMINA GÖRE 100 YTL İKRAMİYE KAZANAN NUMARALAR 

     0475 3342 4925 6831 8315 
     0588 4273 6528 7602 9346 
     
     SON 3 RAKAMINA GÖRE 40 YTL İKRAMİYE KAZANAN NUMARALAR 

     123 
     244 
     391 
     397 
     484 
     494 
     805 
     921 
     996 
     
     SON 2 RAKAMINA GÖRE 24 YTL İKRAMİYE KAZANAN NUMARALAR 

     21 
     38 
     71 
     81 
     
     12 YTL İKRAMİYE KAZANAN NUMARALAR 

     SON RAKAMI 2 İKİ OLANLAR SON RAKAMI 7 YEDİ OLANLAR 
     
     1500 YTL TESELLİ İKRAMİYESİ KAZANAN NUMARALAR 

     075983 165983 175183 175783 175943 175982 175989 185983 
     105983 170983 175283 175883 1759 175984 175993 195983 
     115983 171983 1783 175903 175963 175985 176983 275983 
     125983 172983 175483 175913 175973 175986 177983 375983 
     135983 173983 175583 175923 175980 175987 178983 475983 
     145983 174983 175683 175933 175981 175988 179983 575983 
     155983 175083 
     
</TEXT>
</DOC>
