<DOC>
<DOCNO> 396395 </DOCNO>
<SOURCE> Milliyet v.01 </SOURCE>
<URL> www.milliyet.com.tr/2005/11/19/son/sonyas09.html </URL>
<DATE> 2005/11/19/ </DATE>
<TIME> 20.45 </TIME>
<AUTHOR>  </AUTHOR>
<HEADLINE>
İşte şanslı numara 387708 
</HEADLINE>
<TEXT>

     Milli Piyango'nun bugün Edirne-Uzunköprü'de yapılan çekilişinde, 1 milyon YTL'lik büyük ikramiye ''387708'' numaralı bilete isabet etti. 
     Milli Piyango İdaresi'nden yapılan açıklamaya göre, son rakamı 1 bir ve 6 altı olan biletler de amorti kazandı. 
     Milli Piyango'nun 19 Kasım 2005 çekilişinin tam listesi şöyle 
     1,000,000 YENİ LİRA İKRAMİYE KAZANAN NUMARA 
     387708 
     100,000 YENİ LİRA İKRAMİYE KAZANAN NUMARA 
     278178 
     50,000 YENİ LİRA İKRAMIYE KAZANAN NUMARA 
     003428 
     5,000 YENİ LİRA İKRAMİYE KAZANAN NUMARALAR 
     016284 142074 309770 323640 570639 
     800 YENİ LİRA İKRAMİYE KAZANAN NUMARALAR 
     002661 073493 145568 208221 2412 311606 4459 0677 
     017373 076541 150150 213046 2557 322982 476900 8726 
     030020 080851 162265 215652 260363 327117 479467 8812 
     031734 087421 168515 216445 270224 333092 487475 547746 
     037996 087464 170741 220982 274646 352722 490017 547915 
     044010 090354 172726 229413 2798 3129 492280 549575 
     045829 102120 174609 231726 282894 359012 498518 565912 
     049728 105104 181996 231985 290902 365037 504389 567236 
     054779 105633 183032 232044 292563 370231 505864 5700 
     065256 113682 183181 239419 303761 384528 517443 579017 
     069762 128057 191220 2459 307403 444355 525698 590663 
     073229 129335 195401 252718 311284 448672 0282 591865 
     0732 129447 202192 2297 
     600 YENİ LİRA İKRAMIYE KAZANAN NUMARALAR 
     007086 095703 147785 225282 301902 358348 440312 517722 
     016825 105731 157367 231791 310150 363508 443373 518516 
     026111 105742 172122 239800 314044 363733 450998 520518 
     034077 111461 172446 248042 316251 365737 459391 7360 
     035419 114881 176491 251775 321365 372984 469997 541125 
     036376 119841 182791 261229 331566 392625 470862 5419 
     044529 122973 186394 2613 332822 3941 482181 557094 
     063093 124126 188249 263274 333245 402152 499851 559471 
     069097 132781 188612 270330 333970 409054 510730 563452 
     069254 133052 200944 276089 345805 411326 512011 566645 
     081689 138323 202442 278107 346625 420409 512938 567159 
     085801 140991 2013 288238 358181 421675 515750 569210 
     091844 144770 213585 291691 
     400 YENİ LİRA İKRAMIYE KAZANAN NUMARALAR 
     000252 100368 171524 242755 312024 395069 462402 540364 
     002597 103624 177214 243395 327004 403238 463203 543226 
     006807 105952 181695 251937 328002 408172 464526 544292 
     018163 108813 185274 255759 329089 410604 473554 5476 
     024316 109504 185817 257027 337486 415771 477066 554581 
     030121 111599 199122 2687 338951 417764 479436 560159 
     051999 115102 203972 268352 345273 433683 485496 561642 
     071176 119898 211272 269272 345569 446471 487503 562720 
     078485 120736 211423 271392 366364 450500 496250 571725 
     081193 135912 227919 277058 3773 454730 524348 582300 
     086847 138999 229642 284431 378156 455891 527554 585275 
     094025 151377 234971 285980 385144 459710 7969 594722 
     094287 166369 240169 295687 
     SON 5 RAKAMINA GÖRE 100 YENİ LİRA İKRAMİYE KAZANAN NUMARALAR 02018 27097 70732 78777 89825 
     20839 667 71871 83081 94196 
     SON 4 RAKAMINA GÖRE 50 YENİ LİRA İKRAMİYE KAZANAN NUMARALAR 1211 3528 5184 6840 9468 
     2588 4057 6413 8903 9638 
     SON 3 RAKAMINA GÖRE 30 YENİ LİRA İKRAMIYE KAZANAN NUMARALAR 283 
     384 
     410 
     431 
     713 
     898 
     SON 2 RAKAMINA GÖRE 16 YENİ LİRA İKRAMIYE KAZANAN NUMARALAR 33 
     62 
     70 
     86 
     8 YENİ LİRA İKRAMİYE KAZANAN NUMARALAR 
     SON RAKAMI 1 BİR OLANLAR SON RAKAMI 6 ALTI OLANLAR 1000 YENİ TÜRK LİRASI TESELLİ İKRAMİYESİ KAZANAN NUMARALAR 
     087708 347708 383708 387208 387701 387707 387758 387908 
     187708 357708 384708 387308 387702 387709 387768 388708 
     287708 367708 385708 387408 387703 387718 387778 389708 
     307708 377708 386708 387508 387704 387728 387788 397708 
     317708 380708 387008 387608 387705 387738 387798 487708 
     327708 381708 387108 387700 387706 387748 387808 587708 
     337708 382708 
     
</TEXT>
</DOC>
