<DOC>
<DOCNO> 127927 </DOCNO>
<SOURCE> Milliyet v.01 </SOURCE>
<URL> www.milliyet.com.tr/2002/01/01/son/soneko01.html </URL>
<DATE> 2002/01/01/ </DATE>
<TIME>  </TIME>
<AUTHOR>  </AUTHOR>
<HEADLINE>
Milli Piyango çekilişinin tam listesi 
</HEADLINE>
<TEXT>

     Milli Piyango'nun yılbaşı özel çekilişinde ikramiye isabet eden biletler ve numaraları şöyle 
     
     5,000,000,000,000 LİRA KAZANAN NUMARA 
     6357990 MERSİN, MERSİN, ANKARA, İSTANBUL 
     
     1,000,000,000,000 LİRA KAZANAN NUMARA 
     4165543 ANKARA, İSTANBUL 
     
     500,000,000,000 LİRA KAZANAN NUMARALAR 
     3729200 SAPANCA, ERZURUM, ANKARA, ANKARA 
     5855417 ANKARA, ADANA 
     
     250,000,000,000 LİRA KAZANAN NUMARALAR 
     1949283 ANTAKYA, ANKARA 
     3140702 BATMAN, KAYSERİ, ALANYA, İSTANBUL 
     
     100,000,000,000 LİRA KAZANAN NUMARALAR 
     0883293 2404741 4546418 4708958 5092967 5607385 6723795 
     1306655 3891594 4593328 ------- ------- ------- ------- 
     
     50,000,000,000 LİRA KAZANAN NUMARALAR 
     0540955 2556842 4058422 5155699 5515481 6728020 6891710 
     1639907 3956244 4106490 ------- ------- ------- ------- 
     
     10,000,000,000 LİRA KAZANAN NUMARALAR 
     0182312 1159301 1559793 2855484 3890867 4367348 5749808 
     0304235 1291070 1648647 3222448 3898187 4699152 5799603 
     0719351 1373901 1846194 3506858 3995219 4918576 6368680 
     0759992 1505177 1891725 3771561 4314411 58786 6959996 
     1117901 1540817 ------- ------- ------- ------- ------- 
     
     5,000,000,000 LİRA KAZANAN NUMARALAR 
     0418925 1949651 2593995 3778041 4310164 4924012 5871657 
     0589269 1976885 26848 3838177 4376962 4997346 5894278 
     06548 2115230 2771219 3989556 4474591 5051351 5931257 
     0784627 2274784 2964131 4064862 4596650 5270394 6050189 
     0933341 2297596 3400136 4183866 4691212 5408874 6202007 
     1108718 2377502 3556061 4189122 4767889 5613554 6397833 
     1133721 2502028 3721372 4236886 4790516 5676257 6546644 
     1321933 ------- ------- ------- ------- ------- ------- 
     
     1,000,000,000 LİRA KAZANAN NUMARALAR 
     0162312 1685090 2333204 3302554 4423555 5190581 6299190 
     0169747 1685764 2347089 3489131 41572 5244506 6326021 
     0255259 1806045 2384405 3500026 4565927 5263854 6416709 
     0336804 1867947 2384752 3605825 4585225 5412039 6432902 
     0341284 1894576 2446330 3878665 4803396 5527428 66145 
     0458133 1999738 2522394 3880729 4888095 5576689 6558608 
     0619155 2041400 2639682 4019996 4939251 5578350 6589460 
     0694263 2050985 2765445 4029188 4947793 5601917 6619112 
     0740568 2064405 3027859 4041092 5003618 5673640 6656611 
     0812791 2084115 3040255 4180391 5016874 5700919 6673352 
     0974229 2133386 3062462 4281027 5047724 5740236 6684380 
     0996868 2163441 3141075 4289938 5068588 5904635 6748377 
     1060444 2178609 3273314 4314006 5162288 6254127 6804248 
     1345709 2231696 3288329 4326229 5175564 6259702 6986174 
     1526374 2245158 ------- ------- ------- ------- ------- 
     
     500,000,000 LİRA KAZANAN NUMARALAR 
     0027970 0789226 1966250 2520465 3652346 4878206 6129772 
     0029844 0848282 1985933 2650969 3762568 4911987 6134655 
     0108346 0860836 1999242 2706824 3826682 4922595 6201020 
     0139201 0922381 2001114 2755935 3866113 4969407 6219186 
     0148638 0938154 2032831 2779172 3917661 5038435 6260752 
     0158128 0939505 2041374 2781524 4045077 5065264 6303414 
     0160631 0950602 2044292 2820976 40855 5145005 6367104 
     0209115 09530 2052671 2865833 4111204 5248005 6405631 
     0213825 1032004 2054400 2892136 4147427 5261035 6414102 
     0285892 1038772 2111109 2926882 4169993 5298154 6414500 
     0342512 1087443 2147728 2939563 4173141 55600 6462602 
     0349139 1134480 2158617 2968709 4271409 5409005 6464625 
     03586 1261469 2161283 2969637 4275978 5423301 6475257 
     0365945 12704 2196229 3012273 4291449 5441076 6498621 
     0427114 1293793 2206525 3047849 4341386 5475633 6504544 
     0444194 1321833 2226848 3109831 4443662 5506059 6547825 
     0479664 1363226 22581 3116377 4466891 5511835 6563754 
     05462 1396213 2316644 3220957 4560382 5558840 6564481 
     0562146 1401526 2317715 3303900 45685 5567378 6583008 
     0583321 1404376 2328270 3311389 4585872 5643090 6601858 
     0591473 1478566 2336678 3323323 4595421 5728002 6737966 
     0598914 1510187 2346980 3362258 4662576 5734540 6750478 
     0601846 1626043 2352845 3367042 4691261 5776162 6818751 
     0608560 1639834 2356034 3474133 4730911 5829398 68351 
     0630465 17549 2357973 3487143 4746483 60461 6880291 
     0637133 1783158 2431420 3525289 4782965 6070099 6884607 
     06521 1821590 2433324 35176 4791341 6079085 6904225 
     0680912 1831889 2449790 3588036 4827317 6093297 6939127 
     0785737 1913579 2474207 3610288 ------- ------- ------- 
     
     400,000,000 LİRA KAZANAN NUMARALAR 
     0035525 0848236 2087209 2952356 3766592 4843595 5841500 
     0039104 0899612 2123086 2958633 3789294 4845107 5858465 
     0067597 0909416 2129078 2985407 3837403 4869338 5868141 
     0067976 0931868 2143727 2991748 3882196 4870378 5884778 
     0084237 1074163 2164726 3006625 3925684 4907622 5943344 
     0112852 1098112 2175211 3012404 3948391 4923303 5961146 
     01121 1125711 2185665 3026927 3966834 4945611 5976706 
     0121191 1136427 2216427 3032445 4003014 4951606 5976850 
     0139058 1139089 2236981 3061426 4025191 4957188 5983746 
     0165183 1190132 2260042 3110516 4031297 5073277 5991282 
     0172264 1233917 2305879 3112409 4042345 5100637 5993016 
     0173858 1273826 2331188 3145617 4075016 5115219 6050383 
     0208798 1294082 2338900 3154409 4116293 5120242 6068307 
     0210568 1355050 2363898 3201474 4124065 5192248 6125855 
     0221418 1392100 23647 3208861 4129366 5200021 6149640 
     0255503 1403573 2365978 3213594 4227019 5287867 6191382 
     0271605 1403942 2377006 3217747 4268318 5292211 6192600 
     0275472 1436891 2435422 3225821 4269150 5295061 6203703 
     0280118 1444435 2440414 3232997 4276279 03236 6278430 
     0292794 1457138 2443440 3289215 4285191 07033 6284061 
     0309159 1495241 2460440 3301044 43038 31628 6376860 
     0326689 1510607 2466599 3341937 4311143 34778 6485477 
     0334361 1517228 2472518 3351947 4326886 39185 6489200 
     0403480 1547268 2476681 3370034 4331089 51492 6511375 
     0405288 1557086 2478388 3397929 4354433 819 6562592 
     0443731 1557521 2526960 3469607 4422334 56623 6601831 
     0465732 1564451 2558551 3501682 4427017 96942 6609936 
     0472343 1568645 2565146 3516490 4441302 5466697 6632882 
     0480294 1596605 2587019 3520098 4446527 5476713 6645784 
     0486570 1608612 2649925 3523016 4452230 5482037 6689043 
     0491974 1663369 2661556 3540269 4493390 5504971 6716342 
     0496351 17718 2672559 3548695 4511274 5540341 6754063 
     06832 1782686 2694914 3614705 4561893 5562838 6791488 
     07545 1784451 2779621 36717 4570833 5587869 6808494 
     0583564 1811766 2782517 3658029 4576236 5598097 6850788 
     0603711 1821620 2782860 3658937 4578898 5599171 6856249 
     0693712 1841403 2842988 3662441 4656672 5632768 6877393 
     0722314 1869411 2869518 3670568 4667292 5649475 6884113 
     0774670 1996524 2889338 3707212 4677613 5652585 6922005 
     0778552 2000815 2889423 37392 4710202 5716505 6942621 
     0790702 2021435 2891249 3747801 4741545 5741369 6950036 
     0810047 2029601 2932609 3754247 4809481 5780780 6963231 
     0843664 2080308 2940960 3766297 4814063 5836990 ------- 
     
     SON ALTI RAKAMINA GÖRE 300,000,000 LİRA KAZANAN NUMARALAR 
     015116 196026 297380 440058 540889 665191 828382 
     049518 204283 305197 455299 560010 667360 837139 
     066516 208047 312477 462891 570192 674785 847073 
     072100 208851 327933 470279 584555 679994 856926 
     107997 221137 329012 472825 5810 706825 877903 
     110621 234366 364572 479048 588734 723190 888210 
     111422 236149 3732 480142 592862 734379 898241 
     115282 238104 376102 497804 602636 758085 907050 
     1224 243646 388682 500050 607782 785227 912031 
     139381 252463 394329 510450 626090 792739 919723 
     141651 256844 400127 517579 627002 796351 9272 
     158302 259289 424132 525550 631407 815257 940402 
     167667 259320 426928 526233 640557 817140 941360 
     1700 274415 437017 6032 641920 823599 963939 
     173243 279643 ------ ------ ------ ------ ------ 
     
     SON BEŞ RAKAMINA GÖRE 150,000,000 LİRA KAZANAN NUMARALAR 
     00644 15638 27627 39800 51067 68986 81609 
     03425 15749 28206 43944 51209 69937 82149 
     04057 15878 28288 44372 60010 70860 87983 
     04620 16672 29110 45802 60372 76303 88040 
     041 19780 29706 47528 61373 76889 89679 
     12000 20616 306 48615 64619 79172 92459 
     12358 26281 38293 50992 64952 81325 97723 
     15234 ----- ----- ----- ----- ----- ----- 
     
     SON DÖRT RAKAMINA GÖRE 60,000,000 LİRA KAZANAN NUMARALAR 
     0005 0902 2371 2854 69 5913 8179 
     0007 1094 2542 3149 5424 6558 8578 
     0095 1313 2558 4438 5699 6808 9466 
     0333 2080 2712 5083 ---- ---- ---- 
     
     SON ÜÇ RAKAMINA GÖRE 30,000,000 LİRA KAZANAN NUMARALAR 
     116 282 431 717 864 963 970 
     228 296 683 --- --- --- --- 
     
     SON İKİ RAKAMINA GÖRE 16,000,000 LİRA KAZANAN NUMARALAR 
     16 17 29 36 47 75 99 
     
     SON BİR RAKAMINA GÖRE 8,000,000 LİRA KAZANAN NUMARALAR 
     0 8 
     
     5,000,000,000 TESELLİ KAZANAN NUMARALAR 
     0357990 6307990 6354990 6357690 6357960 6357996 6387990 
     1357990 6317990 6355990 6357790 6357970 6357997 6397990 
     2357990 6327990 6356990 6357890 6357980 6357998 6457990 
     3357990 6337990 6357090 6357900 6357991 6357999 6557990 
     4357990 6347990 6357190 6357910 6357992 6358990 6657990 
     57990 6350990 6357290 6357920 6357993 6359990 6757990 
     6057990 6351990 6357390 6357930 6357994 6367990 6857990 
     6157990 6352990 6357490 6357940 6357995 6377990 6957990 
     6257990 63990 6357590 6357950 ------- ------- ------- 
     






</TEXT>
</DOC>
