<DOC>
<DOCNO> 131901 </DOCNO>
<SOURCE> Milliyet v.01 </SOURCE>
<URL> www.milliyet.com.tr/2003/01/20/guncel/gun10.html </URL>
<DATE> 2003/01/20/ </DATE>
<TIME>  </TIME>
<AUTHOR>  </AUTHOR>
<HEADLINE>
600 milyara 4 ortak 
</HEADLINE>
<TEXT>

600 MİLYAR LİRA KAZANAN NUMARA      263863 İstanbul,Ankara, Alanya, İzmir. 
     
     100 MİLYAR LİRA KAZANAN NUMARA 
     831649 
     
     10 MİLYAR LİRA KAZANAN NUMARA 
     556555 
     
     5 MİLYAR LİRA KAZANAN NUMARALAR 
     046497 067184 078154 366267 832621 
     
     1 MİLYAR LİRA KAZANAN NUMARALAR 
     036352 172774 458279 570222 603346 726128 835635 908270 911249 990437 
     
     800 MİLYON LİRA KAZANAN NUMARALAR 
     020631 138520 217779 322677 479929 585526 631176 757329 801062 895929 
     082643 162970 293034 361840 532628 594045 661141 767166 802294 926183 
     117597 184017 305545 394750 533240 607012 666655 770853 835127 931421 
     123394 196033 310735 452590 555986 610431 706378 778471 837553 985822 
     135492 203477 318176 476601 558551 622715 707659 787841 842237 995038 
     
     500 MİLYON LİRA KAZANAN NUMARALAR 
     000313 084186 137687 204326 321183 449449 533574 630925 741189 902845 
     009675 088793 137795 211527 325129 456406 540723 638113 799741 908901 
     047290 093580 140581 214727 356820 461099 552591 645080 805254 924377 
     052602 098982 141824 241411 362143 464239 553724 656862 817334 925066 
     057490 101016 149971 273510 370240 472520 562541 678002 838108 936628 
     063752 108378 154566 280865 379906 475167 568506 688510 847824 938704 
     064286 111368 154946 287604 393812 513269 593658 698303 864213 977624 
     065993 112759 184704 299193 398204 514515 599813 712257 867524 978721 
     071495 124836 190334 306273 416697 524895 602005 717737 887472 986196 
     076773 125534 202717 319669 446844 526638 619852 735136 894391 996347 
     
     400 MİLYON LİRA KAZANAN NUMARALAR 
     004456 075345 149565 207497 308348 402308 498344 605553 689734 839398 
     011774 080750 153532 219956 323268 409022 507327 613199 690511 858906 
     028481 093783 155756 220004 330429 426182 514584 623061 705806 908620 
     030274 095831 160513 247665 336101 430109 545500 631027 714789 912905 
     031862 105421 176522 266484 346630 430229 549410 632158 751141 925908 
     035294 107921 190127 271663 363641 457387 558684 653673 752814 929400 
     042729 112357 192217 271864 364853 466546 590284 655560 796686 962768 
     056517 125241 201042 297705 377123 482107 591065 657849 806830 972617 
     056998 132171 203589 299209 379152 492293 595933 669848 808171 987097 
     066112 142519 205538 302951 392254 497029 599359 686222 832139 992869 
     
     300 MİLYON LİRA KAZANAN NUMARALAR 
     006586 139118 242446 292676 397508 480132 534632 611047 714319 865566 
     009418 140337 256161 320851 405819 485666 536402 646127 741734 877748 
     045438 151128 270256 325670 415103 490563 536819 646244 759220 900165 
     050928 162291 276543 339049 419200 500951 548220 663855 760179 909739 
     058258 163954 279051 345666 424546 502699 553834 669830 760379 915893 
     075453 171283 279222 353409 426769 502789 566176 678474 761413 921575 
     103078 183343 284700 357521 432705 511814 575145 696658 785358 929939 
     107998 184681 286559 362770 457327 529689 584033 701419 796044 961680 
     110678 198961 287627 365558 472343 531045 598575 702687 818564 987600 
     121018 206037 290925 367701 475656 533506 606075 712484 864043 993474 
     
     25 MİLYON LİRA KAZANAN NUMARALAR 
     01693 04068 16484 25251 30543 36806 48115 51480 60891 81873 
     03329 05902 17900 27722 32682 42868 48170 54031 74663 96835 
     
     20 MİLYON LİRA KAZANAN NUMARALAR 
     0379 0571 0795 1868 2963 3613 3957 4891 6485 6721 6729 6939 7309 9076 9591 
     
     15 MİLYON LİRA KAZANANLAR 
     020 118 184 252 323 335 336 553 726 748 
     
     10 MİLYON LİRA 
     09 19 21 31 60 83 95 
     
     AMORTİ 
     4-8 
     



 GÜNCEL 

















</TEXT>
</DOC>
