<DOC>
<DOCNO> 133982 </DOCNO>
<SOURCE> Milliyet v.01 </SOURCE>
<URL> www.milliyet.com.tr/2003/01/30/guncel/gun05.html </URL>
<DATE> 2003/01/30/ </DATE>
<TIME>  </TIME>
<AUTHOR>  </AUTHOR>
<HEADLINE>
Milli Piyango çekildi 
</HEADLINE>
<TEXT>

     60.000.000.000 LİRA İKRAMİYE KAZANAN 
     025599 
     
     10.000.000.000 LİRA İKRAMİYE KAZANAN 
     368847 
     
     5.000.000000 LİRA İKRAMİYE KAZANAN 
     297243 432263 
     
     1.000.000.000 LİRA İKRAMİYE KAZANAN 
     002184 149556 180262 242912 347775 446689 477143 505128 605977 614223 
     057446 170624 227296 343314 404868 472255 495693 579381 609896 699394 
     
     500.000.000 LİRA İKRAMİYE KAZANAN 
     005017 042411 066064 152388 247004 290877 424462 497282 559170 580539 
     029236 042717 075774 227735 261429 304183 450109 506881 559793 611962 
     041132 044744 129993 244951 262976 359809 453803 535710 580119 683782 
     
     250.000.000 LİRA İKRAMİYE KAZANAN 
     004821 075321 160670 307555 380838 436653 502646 576950 620373 663491 010462 101735 180292 326842 418943 444842 520967 586442 622010 664685 016631 107896 226758 347886 430583 445713 547172 589520 622999 682615 037660 119357 227148 348063 431108 455869 557291 596469 640269 685840 069502 154388 289331 353083 436248 472122 565063 610831 642124 694942 
     
     150.000.000 LİRA İKRAMİYE KAZANAN 
     021996 114265 192839 254781 324046 355165 406318 484628 569150 611580 
     027209 119361 194320 255194 326829 355866 423829 485394 569409 637994 
     029261 127191 201996 259985 327652 365211 434809 499973 570344 638298 
     046297 138504 220855 294763 329398 369207 435789 508110 575062 642503 
     053328 146094 224881 297025 331863 370296 437631 512995 575789 645715 
     068649 155783 226615 299058 332439 373346 442177 522319 589181 652252 
     074843 161801 231498 305718 333325 375340 443737 531833 589378 673936 
     076597 165805 238911 309732 333430 379797 450090 533215 595223 682501 
     096971 173120 245258 314881 333727 390782 459489 544127 605747 683170 
     108725 182142 250486 318679 348330 392355 461524 548047 608718 696660 
     
     100.000.000 LİRA İKRAMİYE KAZANAN 
     005176 059407 112417 174323 240204 322225 384838 485841 567824 630181 
     015240 061237 122312 174464 264510 326491 386034 487623 569390 631150 
     016816 062583 128195 185649 267518 335444 387635 504367 573728 650830 
     023255 062827 128700 189762 274032 343337 399477 507666 574135 652522 
     025096 069476 129370 190513 282419 346458 441902 510147 585972 653159 
     027022 074355 140581 192728 287407 350631 443536 513307 590631 668738 
     027172 077136 140617 199516 299045 353694 454704 518232 591582 668870 
     028180 082169 141986 203440 300241 365145 455560 521461 591961 671157 
     029804 082548 151051 205595 301150 366353 467702 525219 592150 675300 
     030608 091193 157622 212307 305331 367051 468200 535291 596533 675880 
     033858 097104 158960 214974 309891 367736 470394 545159 599405 681157 
     033992 099151 160902 217096 312991 370641 476394 545925 601176 690981 
     036652 107874 170982 217338 313232 372343 478191 548901 606811 693312 
     040944 109102 171264 218070 313673 373421 480328 560032 625547 696215 
     052387 111626 172647 228071 319449 376985 482125 561391 630038 698091 
     
     40.000.000 LİRA İKRAMİYE KAZANAN 
     03171 08961 14109 19201 66217 81304 83354 
     08557 11888 15938 49652 76269 82475 98346 
     
     30.000.000 LİRA İKRAMİYE KAZANAN 
     0257 1006 2283 2438 3316 5906 6753 
     0672 1636 2321 3019 5679 6486 9682 
     
     20.000.000 LİRA İKRAMİYE KAZANAN 
     012 073 351 489 552 572 694 
     
     10.000.000 LİRA İKRAMİYE KAZANAN 
     08 27 30 73 87 
     
     AMORTİ 1 ve 9 
     



 GÜNCEL 















</TEXT>
</DOC>
